97642.51
97642.51
97642.51
97642.51
97642.51
97642.51
97642.51
97642.51
97642.51
97642.51
97642.51
97642.51
97642.51
97642.51
97642.51
97642.51
97642.51
97642.51
97642.51
97642.51
97642.51
97642.51
97642.51
97642.51
97642.51
97592.54824999999
97592.54824999999
97592.54824999999
97592.54824999999
97592.54824999999
97592.54824999999
97592.54824999999
97592.54824999999
97592.54824999999
97592.54824999999
97542.58649999999
97542.58649999999
97542.58649999999
97542.58649999999
97542.58649999999
97542.58649999999
97542.58649999999
97542.58649999999
97542.58649999999
97542.58649999999
97542.58649999999
97542.58649999999
97542.58649999999
97542.58649999999
97542.58649999999
97542.58649999999
97542.58649999999
97542.58649999999
97542.58649999999
97542.58649999999
97492.59124999998
97492.59124999998
97492.59124999998
97492.59124999998
97492.59124999998
97492.59124999998
97492.59124999998
97492.59124999998
97492.59124999998
97492.59124999998
97492.59124999998
97492.59124999998
97492.59124999998
97492.59124999998
97492.59124999998
97442.62949999998
97442.62949999998
97442.62949999998
97392.63424999997
97392.63424999997
97392.63424999997
97392.63424999997
97392.63424999997
97392.63424999997
97392.63424999997
97392.63424999997
97392.63424999997
97392.63424999997
97392.63424999997
97392.63424999997
97392.63424999997
97392.63424999997
97392.63424999997
97392.63424999997
97392.63424999997
97392.63424999997
97392.63424999997
97392.63424999997
97392.63424999997
97392.63424999997
97392.63424999997
97392.63424999997
97392.63424999997
97392.63424999997
97392.63424999997
97392.63424999997
97392.63424999997
97392.63424999997
97392.63424999997
97392.63424999997
97392.63424999997
97392.63424999997
97392.63424999997
97392.63424999997
97392.63424999997
97392.63424999997
97392.63424999997
97392.63424999997
97392.63424999997
97392.63424999997
97392.63424999997
97392.63424999997
97392.63424999997
97392.63424999997
97392.63424999997
97392.63424999997
97392.63424999997
97342.63899999997
97342.63899999997
97342.63899999997
97342.63899999997
97342.63899999997
97342.63899999997
97342.63899999997
97342.63899999997
97342.63899999997
97292.64374999996
97292.64374999996
97292.64374999996
97242.68199999996
97242.68199999996
97242.68199999996
97242.68199999996
97242.68199999996
97242.68199999996
97242.68199999996
97242.68199999996
97242.68199999996
97242.68199999996
97192.72024999995
97192.72024999995
97192.72024999995
97192.72024999995
97192.72024999995
97192.72024999995
97192.72024999995
97192.72024999995
97192.72024999995
97192.72024999995
97192.72024999995
97192.72024999995
97192.72024999995
97192.72024999995
97192.72024999995
97192.72024999995
97192.72024999995
97142.75849999995
97092.76324999995
97092.76324999995
97092.76324999995
97092.76324999995
97092.76324999995
97092.76324999995
97092.76324999995
97092.76324999995
97092.76324999995
97092.76324999995
97092.76324999995
97092.76324999995
97092.76324999995
97092.76324999995
97092.76324999995
97092.76324999995
97092.76324999995
97092.76324999995
97092.76324999995
97092.76324999995
97092.76324999995
97092.76324999995
97092.76324999995
97092.76324999995
97092.76324999995
97092.76324999995
97092.76324999995
97092.76324999995
97092.76324999995
97092.76324999995
97092.76324999995
97092.76324999995
97092.76324999995
97092.76324999995
97092.76324999995
97092.76324999995
97092.76324999995
97092.76324999995
97092.76324999995
97092.76324999995
97092.76324999995
97092.76324999995
97092.76324999995
97092.76324999995
97092.76324999995
97092.76324999995
97092.76324999995
97092.76324999995
97092.76324999995
97042.76799999994
96992.80624999994
96992.80624999994
96992.80624999994
96992.80624999994
96992.80624999994
96992.80624999994
96992.80624999994
96992.80624999994
96992.80624999994
96992.80624999994
96942.81099999993
96942.81099999993
96942.81099999993
96942.81099999993
96942.81099999993
96942.81099999993
96942.81099999993
96942.81099999993
96942.81099999993
96942.81099999993
96942.81099999993
96942.81099999993
96942.81099999993
96942.81099999993
96942.81099999993
96942.81099999993
96942.81099999993
96892.84924999993
96892.84924999993
96892.84924999993
96892.84924999993
96892.84924999993
96892.84924999993
96892.84924999993
96892.84924999993
96892.84924999993
96892.84924999993
96892.84924999993
96892.84924999993
96892.84924999993
96892.84924999993
96892.84924999993
96892.84924999993
96842.85399999992
96792.85874999991
96792.85874999991
96792.85874999991
96792.85874999991
96792.85874999991
96792.85874999991
96792.85874999991
96792.85874999991
96792.85874999991
96792.85874999991
96792.85874999991
96792.85874999991
96792.85874999991
96792.85874999991
96792.85874999991
96792.85874999991
96792.85874999991
96792.85874999991
96792.85874999991
96792.85874999991
96792.85874999991
96792.85874999991
96792.85874999991
96742.8634999999
96742.8634999999
96742.8634999999
96742.8634999999
96742.8634999999
96742.8634999999
96742.8634999999
96742.8634999999
96742.8634999999
96742.8634999999
96742.8634999999
96742.8634999999
96742.8634999999
96742.8634999999
96742.8634999999
96742.8634999999
96742.8634999999
96742.8634999999
96742.8634999999
96742.8634999999
96742.8634999999
96742.8634999999
96742.8634999999
96742.8634999999
96742.8634999999
96742.8634999999
96742.8634999999
96692.8682499999
96642.87299999989
96642.87299999989
96642.87299999989
96642.87299999989
96642.87299999989
96642.87299999989
96642.87299999989
96642.87299999989
96642.87299999989
96642.87299999989
96642.87299999989
96642.87299999989
96642.87299999989
96642.87299999989
96642.87299999989
96642.87299999989
96642.87299999989
96642.87299999989
96642.87299999989
96642.87299999989
96642.87299999989
96642.87299999989
96642.87299999989
96642.87299999989
96592.91124999989
96592.91124999989
96592.91124999989
96592.91124999989
96592.91124999989
96592.91124999989
96592.91124999989
96592.91124999989
96592.91124999989
96592.91124999989
96592.91124999989
96592.91124999989
96592.91124999989
96592.91124999989
96592.91124999989
96592.91124999989
96592.91124999989
96592.91124999989
96592.91124999989
96592.91124999989
96592.91124999989
96592.91124999989
96592.91124999989
96592.91124999989
96592.91124999989
96592.91124999989
96592.91124999989
96592.91124999989
96592.91124999989
96592.91124999989
96592.91124999989
96592.91124999989
96592.91124999989
96592.91124999989
96592.91124999989
96542.91599999988
96542.91599999988
96492.95424999988
96492.95424999988
96492.95424999988
96492.95424999988
96492.95424999988
96492.95424999988
96492.95424999988
96492.95424999988
96492.95424999988
96492.95424999988
96492.95424999988
96492.95424999988
96492.95424999988
96492.95424999988
96492.95424999988
96442.99249999988
96442.99249999988
96442.99249999988
96442.99249999988
96442.99249999988
96442.99249999988
96442.99249999988
96442.99249999988
96442.99249999988
96442.99249999988
96442.99249999988
96442.99249999988
96442.99249999988
96442.99249999988
96442.99249999988
96442.99249999988
96442.99249999988
96442.99249999988
96442.99249999988
96442.99249999988
96442.99249999988
96442.99249999988
96442.99249999988
96442.99249999988
96442.99249999988
96442.99249999988
96442.99249999988
96442.99249999988
96442.99249999988
96442.99249999988
96442.99249999988
96442.99249999988
96442.99249999988
96442.99249999988
96442.99249999988
96442.99249999988
96442.99249999988
96442.99249999988
96442.99249999988
96442.99249999988
96442.99249999988
96442.99249999988
96442.99249999988
96442.99249999988
96442.99249999988
96442.99249999988
96442.99249999988
96442.99249999988
96442.99249999988
96442.99249999988
96442.99249999988
96442.99249999988
96442.99249999988
96442.99249999988
96442.99249999988
96442.99249999988
96442.99249999988
96442.99249999988
96442.99249999988
96442.99249999988
96442.99249999988
96442.99249999988
96442.99249999988
96442.99249999988
96442.99249999988
96442.99249999988
96442.99249999988
96442.99249999988
96442.99249999988
96442.99249999988
96442.99249999988
96442.99249999988
96442.99249999988
96442.99249999988
96442.99249999988
96442.99249999988
96442.99249999988
96442.99249999988
96442.99249999988
96442.99249999988
96442.99249999988
96442.99249999988
96442.99249999988
96442.99249999988
96442.99249999988
96442.99249999988
96442.99249999988
96442.99249999988
96442.99249999988
96442.99249999988
96442.99249999988
96442.99249999988
96442.99249999988
96442.99249999988
96442.99249999988
96442.99249999988
96442.99249999988
96442.99249999988
96442.99249999988
96442.99249999988
96442.99249999988
96442.99249999988
96442.99249999988
96442.99249999988
96442.99249999988
96442.99249999988
96442.99249999988
96442.99249999988
96442.99249999988
96442.99249999988
96442.99249999988
96442.99249999988
96442.99249999988
96442.99249999988
96442.99249999988
96442.99249999988
96442.99249999988
96442.99249999988
96442.99249999988
96442.99249999988
96393.03539999988
96393.03539999988
96393.03539999988
96393.03539999988
96393.03539999988
96393.03539999988
96393.03539999988
96393.03539999988
96393.03539999988
96393.03539999988
96393.03539999988
96393.03539999988
96393.03539999988
96393.03539999988
96393.03539999988
96393.03539999988
96393.03539999988
96393.03539999988
96393.03539999988
96393.03539999988
96393.03539999988
96393.03539999988
96393.03539999988
96393.03539999988
96393.03539999988
96393.03539999988
96393.03539999988
96393.03539999988
96393.03539999988
96393.03539999988
96393.03539999988
96393.03539999988
96393.03539999988
96393.03539999988
96393.03539999988
96393.03539999988
96393.03539999988
96393.03539999988
96393.03539999988
96393.03539999988
96393.03539999988
96393.03539999988
96393.03539999988
96393.03539999988
96343.07829999988
96343.07829999988
96343.07829999988
96343.07829999988
96343.07829999988
96343.07829999988
96343.07829999988
96343.07829999988
96343.07829999988
96343.07829999988
96343.07829999988
96343.07829999988
96343.07829999988
96343.07829999988
96343.07829999988
96343.07829999988
96343.07829999988
96343.07829999988
96343.07829999988
96343.07829999988
96343.07829999988
96343.07829999988
96343.07829999988
96343.07829999988
96343.07829999988
96343.07829999988
96343.07829999988
96343.07829999988
96343.07829999988
96343.07829999988
96343.07829999988
96343.07829999988
96343.07829999988
96343.07829999988
96343.07829999988
96343.07829999988
96293.12119999988
96293.12119999988
96293.12119999988
96293.12119999988
96293.12119999988
96293.12119999988
96293.12119999988
96293.12119999988
96293.12119999988
96293.12119999988
96293.12119999988
96293.12119999988
96293.12119999988
96293.12119999988
96293.12119999988
96293.12119999988
96293.12119999988
96293.12119999988
96293.12119999988
96293.12119999988
96293.12119999988
96293.12119999988
96293.12119999988
96293.12119999988
96293.12119999988
96293.12119999988
96293.12119999988
96293.12119999988
96293.12119999988
96293.12119999988
96293.12119999988
96293.12119999988
96293.12119999988
96293.12119999988
96293.12119999988
96293.12119999988
96293.12119999988
96293.12119999988
96293.12119999988
96293.12119999988
96293.12119999988
96293.12119999988
96293.12119999988
96293.12119999988
96293.12119999988
96293.12119999988
96293.12119999988
96293.12119999988
96293.12119999988
96293.12119999988
96293.12119999988
96293.12119999988
96293.12119999988
96293.12119999988
96293.12119999988
96293.12119999988
96293.12119999988
96293.12119999988
96293.12119999988
96293.12119999988
96293.12119999988
96293.12119999988
96293.12119999988
96293.12119999988
96293.12119999988
96293.12119999988
96293.12119999988
96293.12119999988
96293.12119999988
96293.12119999988
96293.12119999988
96293.12119999988
96293.12119999988
